9.223587530234067522e-01 6.341102916534736567e-01 6.418390119098197344e-01 5.227807613731392244e-01 8.706035016840466545e-01
2.706797079411975560e-01 4.097739134851231535e-01 7.985299311952158696e-01 5.484851125767435942e-01 8.783077500173412933e-01
7.377007144715538867e-02 6.499401250109472228e-01 2.113587391424847917e-01 6.615410118428716180e-01 1.000000000000000000e+00
6.060330094516518384e-01 4.637192842581884245e-01 1.000000000000000000e+00 8.621906993308748879e-01 6.832868952181246902e-01
1.737990034913408921e-01 2.496578489246558952e-01 9.616362751880588311e-01 0.000000000000000000e+00 7.489287294952173824e-01
5.692718553089570754e-01 6.399017442446132131e-01 9.250106638245753077e-01 2.380264245605065443e-01 6.036454538202943310e-01
7.439837949225881486e-01 4.737381830790894366e-01 6.900495746780033191e-01 9.682511308410876039e-01 3.954542539797458733e-01
6.347439712392681788e-01 1.904404899054306655e-01 6.857305183462120146e-01 3.872203642313498673e-01 3.276707935343742273e-01
3.366612530214674326e-01 1.391414343808740905e-01 3.530490044625146928e-01 8.965401005323344608e-01 4.916194607979734177e-01
2.406255323641705024e-01 1.000000000000000000e+00 8.063230751086278847e-01 1.000000000000000000e+00 7.862016281721218025e-01
9.174796784229543034e-01 3.259325669103623202e-01 5.883976372377651698e-01 1.000000000000000000e+00 3.545447062291957607e-01
3.083945596349370044e-01 5.908197689513383644e-01 6.905251065628260632e-01 4.125338295413960021e-01 3.997193654417391939e-01
5.514969665519401376e-01 3.697705852220354306e-01 5.768537534406953382e-01 9.293040462615094199e-01 6.740813907105014380e-01
4.273687367912532009e-01 7.248116697149088461e-01 4.852574732883467301e-01 9.179797242211122643e-02 8.497519777537188013e-01
1.139071888725773363e-01 5.219529905448532237e-01 6.332895070920849800e-01 7.817885591770221687e-01 3.651548258666021396e-01
5.105697201080733327e-01 2.366625764618997263e-01 6.905308283224773636e-01 1.000000000000000000e+00 5.009141338658480713e-02
2.526301589149879678e-01 3.776697092058166616e-01 4.451010392073964095e-01 7.883739546908637985e-01 2.831712959550247710e-01
5.476727735972162225e-01 4.483531054189138776e-01 7.151230302413758011e-01 8.334127096544390323e-01 9.079033150725417389e-01
8.481769968305485907e-01 6.640298255154075679e-01 3.068309250041206249e-01 6.322126228093370992e-01 5.695972008528666919e-01
5.287868146935614799e-01 5.776090213503980442e-01 4.883241653643049518e-01 1.000000000000000000e+00 5.251894461191993768e-01
3.582122903550678528e-01 6.145936065964782147e-01 2.285832982546080472e-01 3.296822432041045525e-01 8.535773909702540907e-01
1.066230430722787392e-01 6.116375795871273890e-01 9.712197184017098417e-01 2.093066590721040232e-01 7.540405785951592721e-01
2.293875676480195136e-01 5.143384753300702661e-01 9.449483630235848697e-01 1.268438234783677565e-01 6.020280496199932330e-01
3.223239209536243877e-01 4.681347319426115705e-01 5.264582136619431196e-01 8.039476931848298369e-01 1.764511551874981821e-01
4.705790621491848791e-01 5.239022078208824817e-01 9.231599146521305421e-01 1.000000000000000000e+00 1.533598557704901055e-01
2.582240630966564643e-01 4.444460713247151418e-01 4.765170139946987571e-01 9.341083037178941062e-01 4.077580490913824685e-01
3.546926830360793703e-01 1.512227646866023956e-01 3.804451324735142470e-01 8.495790855654310469e-01 3.441979364710006650e-01
5.475605157832672543e-01 4.050898686211877875e-01 8.678821629000702531e-01 5.731817042087604674e-01 5.449394736474016954e-01
0.000000000000000000e+00 4.227493546744252595e-01 5.281706197250021217e-01 8.780125324443142087e-01 8.958072311160791834e-01
5.015392342593335551e-01 2.886813425448556680e-01 1.509236058697253913e-01 6.931247482868952980e-01 5.509400742328575129e-01
3.401880515116610382e-01 3.784654436694068202e-01 6.334927224074554664e-01 6.414604074418667201e-01 3.986675554531357579e-01
1.906015433795339165e-01 1.271093080642869688e-01 9.078836884244753103e-01 3.518418465624971181e-01 1.000000000000000000e+00
9.707798305736305977e-01 8.147918395715340045e-01 4.724376465494848354e-01 1.000000000000000000e+00 2.693181824295227678e-01
2.526778357485783832e-01 8.996305622392365420e-01 5.758332130576825358e-01 9.182217965568451046e-01 8.028727418476658828e-01
8.896244085717209815e-01 1.000000000000000000e+00 5.396622939880827419e-01 1.000000000000000000e+00 6.442452848172016688e-01
3.979724803495798824e-01 4.936224584849849828e-01 3.560310164584000736e-01 6.843647387556078820e-01 4.324564113814781674e-01
8.903863908528543147e-01 1.608691546912629500e-01 7.353080729936430915e-01 9.157432123688316050e-01 4.686675852396918751e-01
2.857490868805256379e-01 3.726085468481988294e-01 5.532244884898580572e-01 8.294530261168925334e-01 3.982985626420437186e-01
1.506511637190371400e-01 1.468940392275855378e-01 8.822257310164899335e-01 5.703078425295097231e-01 6.787917322033867329e-01
6.066973912058442053e-01 7.615076344551849896e-01 1.000000000000000000e+00 5.768144716813494721e-02 3.244312837056928522e-01
4.653101367500785956e-01 3.518264498854342115e-01 1.654857703675641500e-01 0.000000000000000000e+00 3.790637398773194500e-01
3.723934306632825098e-01 5.631983325893090697e-01 1.890201766520395732e-01 6.792389979277747569e-01 4.737876588332244898e-01
1.226311909909714865e-01 2.018137282502688590e-01 9.584399714765886591e-01 3.282118847812310891e-01 4.100882465268748667e-01
5.997097970502218711e-01 2.605503674758631316e-01 1.259563236741323422e-01 9.504724215182280833e-02 7.561785172871156036e-01
6.028623105960949358e-02 3.570844342438721508e-01 9.361637957829472834e-01 2.534355690871590294e-01 2.576352700428197195e-01
5.315644581171510286e-01 3.487930382979463340e-01 4.977620370931709615e-01 8.855654148247956714e-01 3.462852707342081726e-01
6.149193353140302021e-01 4.836665826006802393e-01 4.937794237047848922e-01 1.262371254766234130e-04 2.256266630592570765e-01
5.026621846920228398e-01 2.315862557900728036e-01 1.000000000000000000e+00 1.397195632484996286e-01 1.192068159172526842e-01
6.498230134920375267e-01 4.783567056154746089e-01 4.171123561258200385e-01 8.434544888666235807e-02 4.800453645498446997e-01
6.172604803030491416e-01 7.498708812436644111e-01 5.434105443100326616e-01 7.183988901392503179e-02 8.589610124129103408e-01
9.892320827659660809e-01 8.048031756987534813e-01 7.162223094289257297e-01 1.390317778282371686e-01 4.239810419362824434e-01
3.335779761258599319e-01 5.023047008359591281e-01 7.314524321452416933e-01 7.336667891876303971e-01 4.229654758356640731e-01
6.372340537969207741e-01 7.045575288937454550e-01 8.909097323791365097e-01 3.733549027641899082e-02 2.816250195126101530e-01
9.395448874942754491e-01 5.833643268838273332e-01 7.530401078039216101e-01 9.272385879694107214e-01 3.810283532781587046e-01
8.024106415301754947e-01 9.293289687182523795e-02 7.104140519058603775e-01 9.891571393274662949e-01 2.397167716396130521e-01
3.676393705456832972e-01 3.142737078026524578e-01 2.842327875605153986e-01 4.930673378336620782e-01 6.599627316577926228e-01
7.378391951502308865e-01 1.481442135471077726e-01 1.385858669387582398e-01 5.217355075491429961e-01 9.568759061161499213e-01
5.951288132508372186e-01 5.236720556644682834e-01 3.385281569575945837e-01 8.142656244412994626e-01 8.884642974815430971e-01
2.203092489612791249e-01 5.006576786786901545e-01 1.794645971366194415e-01 6.705937441832843238e-01 5.247361635576818228e-01
3.057640559827417004e-01 3.730840441434916249e-02 5.847918589530906042e-01 5.972426023372229276e-01 1.000000000000000000e+00
2.780813957786342216e-01 6.513236251376106623e-01 5.144471769142822115e-01 2.399521753797312085e-01 2.228774162938304826e-01
9.087030228934334097e-01 9.306611621085000285e-01 8.020980778177578818e-01 7.792324955908536133e-03 7.055030161124542509e-01
5.068767428532705566e-01 1.190513847339492726e-01 4.922746930349837791e-01 7.187863840448327490e-01 5.077448933968085054e-01
0.000000000000000000e+00 5.390982534339465726e-01 4.894285088036151032e-01 5.139558959244021619e-01 6.813593987144763719e-01
2.054610154086004004e-01 7.236130297913156983e-01 4.879617359813680499e-01 9.012121875475731514e-02 7.973990789626473896e-01
8.634631363840328255e-01 5.315991006357139170e-01 5.695919187953647489e-01 3.717500091048199784e-01 8.193323163747732174e-01
1.000000000000000000e+00 2.592721064017959876e-01 7.279700779071623939e-01 2.317329482485166736e-01 7.718872857684705435e-01
3.545587151285217731e-01 6.400246989866950065e-01 4.213845946966837674e-01 4.868527576525845113e-01 2.833233498223005076e-01
2.121061734325896397e-01 5.007374103058601644e-01 2.076497773736246388e-01 3.443918548423423598e-01 2.849307296280737534e-01
5.627849268987374920e-01 9.456364893408027994e-01 5.411555087485693250e-01 5.213661214878790862e-01 7.289775831025510078e-01
2.454083527544896337e-01 4.296505912279712791e-01 7.628848498351766816e-01 8.644040103608903181e-01 1.036219568684036557e-01
6.487548832864231674e-02 2.709081102721663803e-01 6.517771462859861531e-01 4.746340799200384764e-01 9.046851266060571550e-01
1.000000000000000000e+00 7.194368009589925672e-02 2.867905200187672032e-01 1.089377323500682615e-01 8.679888806784008537e-01
1.000000000000000000e+00 4.767212629341365249e-01 9.230647688251348848e-01 8.718219692600405191e-01 7.899923608519424656e-01
2.491049156099248985e-01 4.056775610566875634e-01 3.935576014721806626e-01 9.409711680622268037e-01 3.140399774632470775e-01
8.376422858186900466e-01 6.963920394821921933e-01 3.331621536886245627e-01 1.510219733811356824e-01 3.586548121961987134e-01
8.456611665988238435e-01 5.572933321173163812e-02 4.507445882473032350e-01 6.425390173479628153e-01 1.000000000000000000e+00
3.046388397440369933e-01 2.053968490737572705e-01 2.408693291520972446e-01 5.256290590397624252e-01 5.528934168165207108e-01
5.484437153589105662e-01 0.000000000000000000e+00 6.478160754393290643e-01 1.000000000000000000e+00 1.000000000000000000e+00
1.000000000000000000e+00 4.572761896183323849e-01 5.853088271228472639e-01 4.326622509818978113e-01 6.557900184880900429e-01
8.208840119668150415e-01 8.368168855536541884e-01 9.207107980694134719e-01 0.000000000000000000e+00 4.774491357250806312e-01
8.028693739871832769e-01 6.381675970125681996e-01 8.820498665536056215e-01 3.030026992923011142e-01 1.826565253253905619e-01
4.972330968263006246e-01 1.000000000000000000e+00 9.461610965525986128e-01 7.984866255650397981e-01 4.460871062947707744e-01
2.703436302761241805e-01 7.914337916958262831e-01 9.186470545229243889e-01 7.736064204424442092e-02 6.749462999180082523e-01
8.497669652576838040e-01 4.365707318472177856e-01 1.187276771151487276e-01 9.151030733358118674e-01 7.195186851251932358e-01
6.567549729324784202e-01 3.300974239511315078e-01 2.561739147298955355e-01 5.526417600689077503e-01 6.780253985657914706e-01
5.850246698367852494e-01 2.424568379685477226e-01 3.248370677615883828e-01 4.810699613582750805e-02 2.442782452415980521e-01
1.867268001885172002e-01 4.131239104620096358e-01 2.481910590086036650e-01 5.454209274728331058e-01 3.664255267065236743e-01
4.666177050230220780e-01 6.218364402815623748e-01 1.682696114571943513e-01 6.707857545828094237e-01 6.509652227654695311e-01
0.000000000000000000e+00 3.487479393310746745e-01 6.981857552062453731e-01 7.416974588387262868e-01 7.502764558800102401e-01
7.803263452807837064e-01 6.006221758402602307e-01 3.350215068832517185e-01 1.177514282721863065e-01 6.698330430562137172e-01
8.045291992261125458e-01 5.825825153000406820e-01 7.493575630137668808e-01 2.563403255013415039e-01 2.924390506294315961e-01
2.666373095172496765e-01 5.571856272250396147e-01 3.972309476600295874e-01 5.482411056288545304e-01 3.236218016886593940e-01
5.479599570881144022e-01 1.934583635375828337e-01 5.075051270696705474e-01 1.487971249080211333e-01 4.502603328036715591e-01
4.911590438333890418e-03 3.873814345799292957e-01 3.151474724527733029e-01 7.957065878795017977e-02 1.000000000000000000e+00
7.657478562826619539e-01 2.441473785460225032e-01 7.305236633973908322e-01 2.431175015962462327e-01 3.457920234354633915e-01
1.653135846168467815e-01 8.291455060938076604e-01 4.451599141883819666e-01 5.026645458252525511e-01 5.473803018852807512e-01
9.725655531557713118e-01 4.556476992749223243e-01 9.048818509515270669e-01 6.808696626352513936e-01 3.943792945000680339e-01
2.289304475821830054e-01 1.227525411794148091e-01 7.559711076319759471e-01 8.932054180659459997e-01 3.129413804469293181e-01
4.657536908138691922e-01 5.517007181190258791e-02 7.745577270555691340e-01 4.800468520673418782e-01 6.543832994787867063e-01
8.104079382048475777e-01 9.690350604403623613e-01 5.305096252272148982e-01 6.895321476153449813e-01 6.049428655003682431e-01
2.138675569455962822e-01 9.597840782014550598e-01 8.136337166578740954e-01 7.050864110397599971e-01 8.806249997195756407e-01
1.205301720622566353e-01 2.547981441807472547e-01 4.861864829118467402e-01 8.675794082751231429e-01 3.359041216871524460e-01
1.000000000000000000e+00 0.000000000000000000e+00 5.839625571471718235e-01 3.298972841301996417e-01 7.415421391844327914e-01
1.748191731913038005e-01 8.948297029127301183e-01 7.722662385083260972e-01 6.251686768349244971e-01 4.831568116656642653e-01
9.091254210854438078e-03 2.636224548051914196e-01 6.456219597896676321e-01 1.226680629708750414e-01 7.444393201310770536e-01
8.581095398504328120e-01 9.751766264871464251e-01 4.683482161404108335e-01 2.532139828631180811e-01 3.327445987798905436e-01
8.612435401813296476e-01 3.187378135516627520e-01 6.868757523292107203e-01 1.811972440030647571e-02 6.186044284007359284e-01
6.320518158830983335e-01 4.356036962534581281e-01 2.702675160111758790e-01 0.000000000000000000e+00 4.082599431609934548e-01
8.782007859657181559e-02 7.571482100734455711e-01 4.438251537245347933e-01 6.895032557407870799e-01 5.383413935182509436e-01
1.000000000000000000e+00 1.000000000000000000e+00 2.411204800299873996e-01 9.471905032885198361e-01 2.815526568282759601e-01
3.745398470695524562e-01 6.373497332353564304e-02 7.282025919164104577e-01 5.682555393744408434e-01 6.610217980381470904e-01
9.061819413123612943e-01 5.989035889940406143e-01 2.873325105065099305e-01 4.827065653592536032e-01 5.520918923924348354e-01
8.316438594908859283e-01 1.000000000000000000e+00 3.591664193589189091e-01 9.530569944720447273e-01 3.110012537968489532e-01
4.194638086801696364e-01 1.100142173470072399e-01 5.630140814118447246e-01 8.591030354291443460e-01 2.277871838568971685e-01
6.519580476139894554e-01 9.184553506058907857e-01 5.540748647251184655e-01 2.389120659230233035e-01 6.113726261337525392e-01
4.330637536561969814e-01 4.467857620311706524e-01 2.036994250684050489e-01 3.334955719519688833e-01 7.684127497610632185e-01
6.078641900269838860e-01 1.161801265306238451e-01 6.749551749943364376e-01 2.244971090798346947e-01 4.549985402195898532e-01
6.704160164699998203e-01 5.493366076025092415e-01 6.008865233778639681e-01 7.517842686279373465e-01 2.519761111865376213e-01
1.331826502659459732e-01 8.601044277448753883e-01 7.060021420146961324e-01 5.892276178804626285e-01 4.413740218502209545e-01
5.242501499687034494e-01 0.000000000000000000e+00 7.182773180658112988e-01 2.747795208468292172e-01 7.994751157619822690e-01
4.160928849088525450e-01 8.906353524424693857e-01 3.289777824961865882e-01 1.483349004657497083e-01 9.930853149225262744e-01
1.747605393183521982e-01 5.921970741944948546e-01 5.170547515270083050e-01 1.016501693018790758e-01 1.734055374331471000e-01
7.577950580982361073e-01 2.400735403222283848e-01 4.433572312469664101e-01 1.323808467833714753e-01 8.860905652002835087e-01
9.832395986234252483e-01 8.068958343677737899e-01 2.428637396380637081e-01 9.323196275136670375e-01 1.282403933690590137e-01
1.191793211367764699e-01 3.445767858874448364e-01 5.241803103150436405e-01 3.304387935209676663e-01 4.541728202798806513e-01
1.366029134325562611e-01 4.477866547114279783e-01 7.379219334152788967e-01 4.058583889391330080e-01 1.704882472022677675e-01
6.423092026466414861e-02 9.249810414598881314e-01 9.750758027795478622e-01 4.983414657520897628e-01 8.112226227653527300e-01
1.282417520578010284e-01 9.962127692415517766e-01 9.586744953474334308e-01 5.827807161700242489e-01 5.527913289589282408e-01
5.256210784746312425e-01 5.556579238432306500e-01 4.474640889842098623e-01 8.824176103746690369e-01 4.133838732390016646e-01
0.000000000000000000e+00 5.728180596969414395e-01 5.028837515293176352e-01 5.821381030564876102e-01 4.860412138889549927e-01
2.300712151369888048e-01 5.999166851128672207e-01 3.504086354242399448e-01 2.328592290748601745e-01 2.252958780251540505e-01
9.046953791642076137e-01 3.145911975713826247e-02 9.296838679071862677e-01 2.429885431158050613e-01 6.755331308442098504e-01
5.546604505128929219e-01 5.324295812688758511e-01 4.061835568483938008e-01 8.372304361659397287e-01 1.000000000000000000e+00
7.900574958432824424e-01 1.154748720302769538e-01 3.853937616621739282e-01 5.442518156882181213e-01 2.796152457665834201e-01
7.381054397533303169e-01 8.044952242475060522e-02 8.073990658329457393e-01 3.410624950916797959e-01 2.887216292813438723e-01
7.323460233098235683e-01 5.108273158096915401e-01 6.480471559853847596e-01 2.060946475749133363e-03 3.237393098066285724e-01
6.518124318594474831e-01 2.907496104083133748e-01 4.214991995727808138e-01 1.994455683636045806e-01 2.279269256992042525e-01
5.476388419423365850e-01 6.627327812767331849e-01 4.939593406026945299e-01 1.470469540351103388e-01 1.614521402626368229e-01
8.387653867335043145e-01 9.115676431961301784e-02 5.980688358603009069e-01 9.840069379064984023e-01 9.006060957448662474e-02
9.229828461739590928e-01 6.246030549888074157e-01 2.786806968639727877e-01 6.601912648695957841e-01 5.153218566551386326e-01
5.624230693819515237e-01 5.965835330088936628e-02 6.962492666582322798e-01 2.893083564050755729e-01 7.744879693038094759e-01
3.624184214011562100e-01 8.959470092383279294e-01 4.234408561745839350e-01 1.154487678118423233e-01 4.840709912995563302e-01
9.865676935422366123e-01 6.240152643281994260e-01 3.069136949021278316e-01 1.000000000000000000e+00 3.453492767015884923e-01
2.624059069561781032e-01 7.598989094702597591e-02 6.531194118311364205e-01 3.791462614796203279e-01 3.645565762673265153e-01
7.090010774635197022e-01 1.000000000000000000e+00 8.980825972037591587e-01 3.723701573503760964e-01 8.443056266803878884e-01
2.784039637885221130e-01 8.793623708921772808e-01 4.913350192545428152e-01 6.849629810326884893e-01 2.612437767553882351e-01
6.172299049880752841e-01 5.964578581316363204e-01 3.183565775258228037e-01 5.477657339462531638e-01 4.735600878335625707e-01
7.021889276606452235e-01 5.309227140301057794e-03 6.684800992521200413e-01 4.129688252942893545e-01 4.733304461887680170e-01
5.050823567045096274e-01 5.119560032481134115e-01 3.439837596899202321e-01 9.513780088906492738e-01 5.828998524926229940e-01
3.815991786961208110e-01 7.065030292421793368e-01 4.069942760891963607e-01 8.270425592440013018e-02 3.294996545249203601e-01
2.790874626931276192e-01 6.239978432103309158e-01 2.994956704996739605e-01 2.134009391624476781e-01 4.611666532314588340e-01
3.570113088564087489e-01 4.146820558371086540e-01 9.592557366789076223e-01 7.628495895231716117e-01 1.858469555242253657e-01
9.382238937785087884e-01 7.500289294338093882e-01 3.449257036504280172e-01 2.252994362029697439e-01 5.761313890491077672e-01
4.889950927407555881e-01 9.222970254476466068e-02 3.568691663888752252e-01 4.121592140114648806e-01 3.405183263301036489e-01
3.884400644656230139e-01 1.818095145483588082e-01 9.848974139737417532e-01 5.406810317779303654e-01 1.618337925384078224e-01
6.695884443662811769e-01 8.537559239563381475e-01 1.689025262676745742e-01 1.246171326355569320e-01 7.048238256420907843e-01
9.708542935650260608e-01 2.503159773842552616e-01 3.884238987298048729e-01 9.160139351588850176e-02 8.269557375081436623e-01
6.383906451552391337e-01 6.665574197028836245e-01 7.182100812873974949e-01 2.639184578273207071e-01 2.251570985351706577e-01
6.613224491197091659e-01 5.598292655267650408e-01 3.780224544296361122e-01 5.664059915945890422e-01 8.599254675685660265e-01
0.000000000000000000e+00 4.439960443115893995e-01 5.299264467541461299e-01 4.219191895642875334e-01 6.107120776676131513e-01
4.044188171311463575e-01 2.956598132346119345e-01 1.334468576752481095e-01 6.520631701130262803e-01 5.920250434109897153e-01
6.527829182035774225e-02 8.471086037279290659e-01 9.095694201563936376e-01 5.196270506588462901e-01 7.850720876269229320e-01
4.501470853108659465e-01 4.840267544887147388e-01 3.741629034029169687e-01 0.000000000000000000e+00 1.271110094126206569e-01
2.212321849485672509e-01 1.874814531680206731e-01 2.619250298579210434e-01 1.000000000000000000e+00 6.812611760207207823e-01
9.370107341739065676e-01 8.097038853697836602e-01 2.559780209498468961e-01 5.467384550868815696e-01 3.430937514718669923e-01
8.474742348660708746e-01 4.124314671728193105e-01 9.405092979512472695e-01 6.145632691402025394e-02 2.391543644337607022e-01
1.091852722571995393e-01 3.151001158556106935e-02 5.172159827732277781e-01 8.527468761149002985e-01 1.000000000000000000e+00
2.618244191652349673e-01 9.320584295086172810e-01 8.579925817781645092e-01 7.261222616211255865e-01 1.745976753135794202e-01
4.793293999497385549e-01 5.364545095414857689e-01 7.731254775142704094e-01 5.503477767978596225e-01 2.688029050333790582e-01
3.246363891293685411e-01 2.233536366195604250e-01 8.719034781400968326e-01 5.580466056085213733e-01 1.925053705909321455e-01
9.638393407756271625e-01 0.000000000000000000e+00 1.003106847238533772e-01 6.664582259736566705e-01 2.548254436658164424e-01
4.083180613958401484e-01 9.491801826967717348e-01 6.935394363907607662e-01 5.922258816460334030e-01 2.636815110807737006e-01
3.211578249419602682e-01 7.528428741630897036e-01 4.611510887727945929e-01 7.631767509342747557e-02 8.226721559410274942e-01
4.858978528125139085e-01 9.396540350701146904e-01 9.432046731450222099e-01 2.518865342804524343e-01 2.807711791114126942e-01
5.155037076581007183e-01 5.663588324075884417e-01 8.732384848458929483e-01 0.000000000000000000e+00 1.027770392683873546e-01
0.000000000000000000e+00 4.912322438165140914e-01 4.804905078696662946e-01 5.129294553819170321e-01 8.513323548259950080e-01
1.000000000000000000e+00 4.008964277839497381e-01 1.611724829540296389e-01 9.053676880501327906e-01 6.493371877902355260e-01
2.143729480695768519e-01 6.713972342603409249e-01 5.150280780101240685e-01 9.996771577833710176e-02 4.048283806792454809e-01
6.783139995362075236e-01 3.410141556761303039e-01 2.195482371263609012e-01 5.395563377850245423e-01 3.336267404694109318e-01
6.433628571302570931e-01 4.460706249285565916e-01 8.711150832172639413e-01 6.400242155979540826e-01 2.273199856371456440e-01
8.834707837104799344e-01 3.452837294912936561e-01 5.849196330391042142e-01 5.092939434936990389e-02 4.487102767371931589e-01
6.075488559709347758e-01 6.625197542824288188e-01 7.288770371112957003e-01 2.302696914909858616e-01 1.360987980474703540e-01
1.000000000000000000e+00 3.866716027567129177e-01 5.016174338844694436e-01 8.581831749214769989e-01 1.756104451229821284e-01
7.672043303528297553e-01 5.990426756910769424e-01 5.052967270581731896e-01 2.175273202553909546e-01 3.906156331505840629e-01
6.778298532857409686e-01 9.045202101555532836e-01 7.931519545531398041e-01 1.480126625437395427e-01 2.372630820199945478e-01
4.750802313029164892e-01 2.864202480874374901e-01 1.469816949643092396e-01 5.882440945172304758e-01 6.867176827453718158e-01
1.000000000000000000e+00 4.536236989368541139e-01 3.537898634822421728e-01 7.473049040438406454e-01 4.298702744396496467e-01
7.436645118246351105e-01 4.142057687710948288e-01 2.141359290935550275e-01 7.583701258816512025e-01 6.868583938722777615e-01
5.537523917383514044e-02 9.225533019658139766e-01 8.577933519844097576e-01 3.596683903780143465e-01 1.842183515570517960e-01
8.240497550014717898e-02 9.583695524434006352e-02 1.000000000000000000e+00 3.804296295986401427e-02 3.062522149889964074e-01
1.000000000000000000e+00 9.077736110285945792e-02 6.418900908288279750e-01 1.357324088337213963e-02 2.366775556836614169e-01
1.000000000000000000e+00 4.889281924836801352e-01 7.673957631975790727e-01 7.561920956677410377e-01 4.269116117237078956e-01
7.926320021063313348e-01 2.592629034734485471e-01 4.949029105912345905e-01 1.266444590705314566e-01 4.472733617209424528e-01
2.864760866522901225e-02 5.882789527111995653e-01 2.459577614709181625e-01 9.373532997718218018e-01 5.682737944479430148e-01
1.159412325867926058e-01 1.460540095425161278e-01 1.000000000000000000e+00 7.040120823476434531e-01 4.673723445800807563e-01
5.130887642942820737e-01 9.863234455213960583e-01 1.716395343237355486e-01 2.380843044947036635e-01 5.550776123215355184e-01
6.466604882221018702e-01 6.264708353389316642e-01 3.549648839055564720e-01 2.691352570776844311e-01 4.061399349442595952e-01
1.652240446574303190e-01 4.579854866470681185e-01 2.086156591448101172e-01 2.979622926304488773e-01 6.103145044641944406e-01
7.118297514248876912e-01 0.000000000000000000e+00 7.424323124654043093e-01 2.149141099230695573e-01 4.532140145139949561e-01
2.068405949116929599e-01 9.507001409872458675e-01 9.719176733535781487e-01 6.112191768565023997e-01 1.812050602473771754e-01
3.176208225396994766e-01 8.102308154202475521e-02 9.127847303416410929e-01 6.847435457213064680e-01 2.037683005318118024e-01
3.958823901351823243e-02 7.020560582161301522e-01 5.049689618537915869e-01 4.808522444096253734e-01 5.421905954620580559e-01
8.185101516915842534e-01 8.575308487313011430e-01 2.609812633959009975e-01 0.000000000000000000e+00 6.579166013310278061e-01
8.055187803979871330e-02 8.879519411712046839e-01 3.459228508340794206e-01 4.897707811591536786e-01 7.575421083451026050e-01
0.000000000000000000e+00 1.726173418303942608e-01 3.635982737867745063e-01 1.146389571713484212e-01 7.148680496763478720e-01
3.307198633467294258e-01 3.872754110923305459e-01 5.283649169773736443e-01 7.273963693317699875e-01 6.137154543220691982e-01
9.034661948839259882e-01 9.144966789462541934e-01 9.084733348516587093e-01 1.860130376159111198e-01 5.032839150546850604e-01
2.834773930363196359e-01 8.666205729548770442e-01 3.115289634138689312e-01 6.193127232422911410e-01 5.625126775323743278e-01
1.000000000000000000e+00 3.209979220307115910e-01 2.180568605401660698e-01 4.217036783977532455e-01 5.631107014669417543e-01
1.572181739107005871e-01 2.095297051161267854e-01 6.034604460238283119e-01 5.321241839006831675e-01 3.468465952835076971e-01
7.843665887864115227e-01 7.757554386930569368e-02 8.831437789282168271e-01 3.630048474652554091e-01 3.125743604027617639e-01
9.102485614508636358e-01 3.568060357254385084e-01 5.758170969415642437e-01 2.205597978264267345e-01 1.805445280631596261e-01
9.669612806665666138e-01 2.462958382444111471e-01 4.527562844778302287e-01 1.439072880030699830e-01 4.532467099850006620e-01
4.091149776706204388e-01 4.096865102362898803e-01 2.190848281640751516e-01 9.388883662457785384e-01 3.667335803292057772e-01
8.442802787395263797e-01 6.576502881718023774e-01 1.000000000000000000e+00 7.440395947593256287e-02 2.339521693317457574e-01
4.471613988547537555e-01 5.496796586658916350e-01 2.505876382047468320e-01 7.619413120335294387e-02 2.194125847029682053e-01
7.220874647821401426e-01 5.807914322979771393e-01 3.322379492106072862e-01 3.207128354036223317e-01 3.858476143572654449e-01
7.363174709438957688e-01 2.288924371096621169e-01 6.222222894000764004e-01 1.381990054361261488e-01 1.502333583035144193e-01
4.629730382271521894e-01 6.875829373748298945e-02 1.841658899023290719e-01 6.516195097544981163e-01 5.442657173752591948e-01
1.000000000000000000e+00 1.824252251468231889e-01 2.120839975091793339e-01 8.557529046111322923e-02 3.788604459869418517e-01
4.529137269153739043e-01 4.117143366947503824e-01 4.829613215338734999e-01 2.654661471126566405e-02 1.053309827662753523e-01
4.475269238189261700e-01 6.801494727405870133e-01 3.067659826549552493e-01 2.495429570460435675e-01 1.730866532919298484e-01
8.193641372742679341e-01 7.700947769231362150e-01 9.346762134611020789e-01 1.673780963476509120e-01 3.447538984180399391e-01
1.548482601140076242e-01 7.957208031128137904e-01 3.389185316769816603e-01 5.904072822839429024e-01 2.927433536859463947e-01
1.002705176079832644e-01 0.000000000000000000e+00 9.756153351806282625e-01 5.385124251515625016e-01 6.735305859866965728e-01
5.772195819702986563e-01 1.609928187815085898e-01 2.700394593173878199e-01 1.844210689068047915e-01 3.123942681030119628e-01
3.642568664241652154e-01 9.281657296111086586e-01 5.835312634415444899e-01 4.705978291276134429e-01 3.063893235344228860e-01
8.382576075769604396e-01 4.603592472475030450e-01 5.493646569361360088e-01 1.719361454022768632e-01 2.518543179572424462e-01
4.009240664644748986e-02 0.000000000000000000e+00 5.400351763201846067e-01 4.953911102282335666e-01 7.828623451028683400e-01
3.420431061099896142e-01 3.123906757503280840e-02 9.682640480534197014e-01 9.047311189244915397e-01 1.731926624725787789e-01
3.615680509394492148e-01 3.407708274892488065e-01 3.494908467670577168e-01 6.926421247066461007e-01 4.515098276410899891e-01
8.527905331460189364e-01 3.068741802765392324e-01 8.137418645663250238e-01 1.743009480585134552e-01 3.508937998735279229e-01
6.960748920864145983e-01 4.350028451688649489e-01 5.145545334865699871e-01 7.361680850922163177e-01 2.615965090046870056e-01
8.761205826434753652e-01 6.506584958914174432e-01 1.781271099783141854e-01 5.749785877021098557e-01 2.445609141375079953e-01
6.176148340756072441e-01 8.201594256960077489e-01 1.000000000000000000e+00 1.174032696010012117e-01 4.234455314149699334e-01
1.500829262927791674e-01 1.295608146092114277e-01 8.043212770998955374e-01 5.316613968155113890e-01 5.413356365622610245e-01
5.050495808044805912e-01 9.202007935715367237e-01 4.182385296883057713e-01 3.171609317853507082e-01 7.097971736411713417e-01
9.008024153250993038e-01 5.540786441339626833e-01 8.401384219450265256e-01 7.871020878326010495e-01 6.802217503475509186e-02
2.993556528689778062e-02 7.466086051703102466e-01 6.838285399378607465e-01 5.145495313513904767e-01 7.397104988378733204e-01
6.165545516423475148e-01 4.309385273923265203e-01 1.501259622094892887e-01 3.822262548460921006e-02 4.802687870210506360e-01
1.000000000000000000e+00 3.917577104656396192e-01 3.765838616282314311e-01 6.923438855959773708e-01 3.544326816656833690e-01
2.493725572314040850e-01 0.000000000000000000e+00 5.575976299250480217e-01 6.096302793717907065e-01 4.484774758898202873e-01
7.406361873894161674e-01 4.416842012645277316e-01 7.310846367833381265e-01 3.602455635819301616e-01 1.013921238943372161e-01
6.826211897707556986e-01 6.959418510311007333e-01 5.862442373128262663e-01 7.258897028380306704e-02 2.388610149990263720e-01
3.774802199539368380e-03 2.796731608966486760e-01 8.961313638518703106e-01 5.328608535694933090e-01 8.308268046785913796e-01
2.626980647427233917e-01 9.791359000264154844e-01 1.000000000000000000e+00 4.842667361244309410e-01 3.753963426156138872e-01
5.540889843459235742e-01 9.553151899702969629e-01 2.138380787115378989e-01 4.290243104483396075e-01 5.096642989766553278e-01
4.507790168142439269e-01 5.545618170420901771e-01 3.210941538720253896e-01 1.857341048895834734e-01 1.358516718513564370e-01
0.000000000000000000e+00 6.336288571489722132e-01 5.772289053745606191e-01 4.878324241469108591e-01 9.326114600809100041e-01
7.092436802939181550e-01 1.000000000000000000e+00 7.607090225438210007e-01 2.976331094576843972e-01 6.936204414916892214e-01
9.988351328991700306e-01 6.415013897085147798e-01 5.898662162614944915e-01 7.173448312343099209e-01 2.484354899511013459e-01
6.240193046610678085e-01 4.486240879307867857e-01 5.869021461348244983e-01 5.025192782322370766e-01 2.780255748716162212e-01
1.984284614347295583e-01 1.699067267716679597e-01 6.343267276707292845e-01 6.054995274665831984e-01 3.297038984261693173e-01
0.000000000000000000e+00 1.688479961310687116e-01 7.415201198556878870e-01 4.818508099576047643e-01 4.050377662946328949e-01
7.458110627974110507e-01 9.914450622565351701e-01 1.831571567505289877e-01 7.799497007397764303e-01 1.199586375778520370e-01
